00001011
10001110
01010100
11111111
10100100
11110101
00000110
10011000
00100010
10101011
10101101
00110101
01111110
00000101
10000100
11010011
00111010
00010000
00001110
00011000
00101010
11101010
10000100
11001111
01111101
01000000
10010000
10110000
10101001
10100100
01010011
01001010
11110000
00000000
00000000
00000000
00000000
00000000
00000000
00000000
00000000
00000000
00000000
00000000
00000000
00000000
00000000
00000000
00000000
00000000
00000000
00000000
00000000
00000000
00000000
00000000
00000000
00000000
00000000
00000000
