10110010
00000101
01001011
00000000
10101100
10000000
00111110
10000010
11011011
10000001
10010010
00000010
10110011
10000000
10001011
00000000
10000110
00000110
10101011
01000111
00010001
01000010
00001001
00000101
10000001
01000011
11100000
10000010
11010010
00000010
00100001
10110111
10101100
00001001
11010011
00010101
11100010
01001011
10111100
00111000
00110101
01010011
01111011
00010111
10111011
00010001
01110100
11010001
10101111
11110111
00011010
01000010
10011100
10100000
10011000
01110001
00001110
01001100
00110011
01011010
